24300
24460
24210
24480
24220
24600
24270
24160
24430
24420
24590
24290
24260
24300
24290
24210
24210
24390
24150
24150
24560
24210
24330
24640
24150
24440
24400
24120
24140
24400
24140
24170
24220
24100
24320
24550
24220
24310
24540
24560
24390
24230
24590
24130
24480
24330
24750
24560
24310
24300
24320
24600
24400
24150
24110
24320
24250
24310
24460
24530
24210
24260
24480
24350
24360
24360
24150
24370
24550
24260
24140
24540
24370
24200
24610
24170
24120
24250
24220
24150
24600
24250
24380
24800
24530
24320
24750
24360
24470
24650
24190
24320
24290
24530
24350
24320
24320
24300
24390
24600
24460
24120
24120
24320
24390
24640
24170
24140
24160
24560
24600
24530
24570
24300
24560
24450
24800
24750
24390
24420
24660
24430
24520
24320
24220
24150
24350
24100
24380
24640
24240
24250
24170
24250
24120
24350
24140
24330
24190
24270
24410
24380
24400
24420
24360
24160
24700
24500
24560
24800
24260
24620
24290
24290
24560
24560
24120
24450
24130
24580
24250
24500
24210
33220
24380
24130
24210
24240
24680
24540
24160
24130
24320
24350
24390
24110
24170
24250
24380
24300
24390
24400
24560
24140
24300
24590
24410
24260
24630
24380
24340
24130
24150
24520
24680
24230
24270
24150
24570
24170
24540
24550
24400
24110
24100
24800
24510
24210
24520
24350
24540
24550
24130
24320
24300
24110
24200
24340
24220
24620
24430
24540
24130
24140
24150
24260
24420
24550
24700
24350
24240
24220
24450
24470
24610
24480
24240
24240
24130
24560
24560
24540
24440
24560
24210
24140
24350
24560
24230
24230
24440
24290
24610
24170
24700
24110
24520
24700
24400
24250
24590
24390
24320
24800
24800
24230
24440
24460
24190
24300
24380
24660
24750
24170
24410
24590
24510
24310
24270
24120
24000
24600
24210
24370
24620
24510
24360
24700
24580
24240
24150
33220
24370
24550
24150
24160
24130
24200
24140
24530
24440
24500
24240
24430
24240
24600
24340
24490
24250
24580
24240
24500
24170
24520
24380
24510
24120
24290
24380
24200
24190
24230
24110
24110
24500
24560
24250
24410
24260
24540
24440
24700
24360
24150
24500
24540
24560
24550
24260
24330
24590
24440
24340
24250
24220
24270
24360
24400
24640
24340
24260
24510
24170
24510
24460
24400
24300
24300
24590
24130
24140
24700
24170
24160
24190
24520
24400
24330
24140
24500
24190
24800
24140
24800
24160
24370
24320
24400
24100
24170
24560
24110
24290
24400
24510
24540
24160
24700
24250
24300
24320
24800
24610
24600
24140
24400
24300
24380
24600
24610
24400
24160
24270
24400
24230
24380
24370
24200
24520
24210
24530
24160
24600
24170
24470
24380
24800
24320
24560
24330
24800
24450
24130
24170
24450
24410
24210
24560
24160
24700
24540
24800
24470
24520
24700
24230
24190
24600
24800
24160
24350
24190
24220
24410
24200
24420
24230
24160
24590
24170
24380
24270
24200
24420
24800
24240
24260
24300
24270
24420
24300
24600
24290
24500
24410
24240
24370
24500
24600
24170
24420
24460
24360
24540
24400
24620
24390
24390
24120
24300
24240
24210
24800
24290
24350
24320
24390
24750
24510
24620
24480
24190
24290
24600
24360
24150
24800
24230
24320
24520
24380
24540
24320
24370
24250
24380
24220
24120
24140
24530
24610
24550
24600
24200
40800
40330
40990
40150
40320
40110
40700
40430
40330
40090
40190
40120
40310
40700
40500
40400
40200
40500
40140
40320
40380
40500
40090
40500
40700
40360
40320
40310
40400
40410
40120
40300
40180
40230
40280
40250
40240
40370
40700
40390
40170
40390
40600
40330
40270
40090
40090
40190
40120
40330
40280
40420
40320
40120
40300
40430
40090
40090
40180
40090
40130
40400
40400
40380
40700
40270
40360
40320
40700
40330
40260
40500
40300
40250
40700
40270
40090
40320
40320
40180
40210
40500
40240
40100
40700
40360
40800
40500
40310
40210
40290
40240
40320
40500
40500
40190
40350
40310
40090
40380
40420
40180
40160
40330
40320
40090
40380
40180
40990
40465
40400
40270
40290
40700
40300
40250
40280
40990
40310
40180
40180
40190
40700
40230
40700
40240
40300
40530
40210
40420
40320
40120
40700
40090
40240
40250
40465
40250
40250
40270
40800
40250
40320
40120
40550
40400
40260
40250
40170
40260
40410
40170
40240
40380
40250
40240
40090
40210
40120
40630
40270
40430
40140
40120
40120
40410
40700
40330
40320
40270
40240
40250
40090
40990
40400
40660
40170
40350
40200
40320
40290
40660
40700
40700
40700
40500
40000
40190
40380
40500
40500
40110
40700
40290
40410
40250
40180
40330
40250
40380
40300
40180
40380
40440
40110
40300
40300
40230
40290
40110
40380
40160
40310
40320
40320
40190
40300
40700
40300
40320
40320
40410
40360
40200
40465
40300
40700
40350
40120
40380
40380
40465
40190
40320
40270
40310
40370
40180
40120
40630
40800
40390
40250
40090
40390
40700
40700
40300
40190
40300
40200
40190
40190
40380
40230
40120
40380
40230
40240
40170
40240
40390
40300
40320
40390
40390
40390
40090
40270
40550
40180
40200
40990
40090
40280
40500
40990
40230
40400
40320
40460
40120
40500
40800
40230
40230
40180
40180
40410
40510
40420
40700
40700
40180
40180
40210
40150
40320
40300
40430
40180
40250
40140
40260
40220
40400
40180
40990
40360
40230
40250
40630
40090
40320
40170
40420
40380
40320
40560
40240
40480
40270
40110
40190
40160
40110
40180
32290
32270
32360
32720
32110
32430
32230
32230
32140
32270
32000
32120
32300
32600
32400
32450
32550
32170
32120
32290
32380
32410
32800
32120
32720
32170
32350
32300
32190
32320
32320
32170
32410
32160
32100
32600
32730
32450
32140
32300
32190
32100
32300
32400
32480
32420
32110
32730
32130
32310
32140
32350
32380
32270
32100
32230
32410
32550
32450
32370
32290
32800
32350
32500
32140
32380
32220
32400
32190
32190
32800
32100
32450
32320
32500
32250
32440
32100
32290
32700
32410
32380
32340
32170
32240
32190
32360
32490
32810
32200
32400
32110
32100
32150
32190
32130
32230
32800
32500
32410
32140
32300
32600
32430
32100
32400
32160
32330
32230
32270
32110
32300
32190
32170
32810
32260
32800
32430
32600
32140
32200
32220
32370
32170
32240
32300
32380
32450
32340
32500
32250
32490
32400
32160
32220
32380
32220
32420
32390
32480
32230
32720
32340
32200
32200
32330
32500
32400
32730
32550
32120
32460
32300
32270
32380
32300
32600
32400
32360
32160
32230
32200
32190
32170
32260
32400
32130
32300
32120
32230
32230
32700
32300
32310
32330
32170
32130
32810
32500
32140
32260
32300
32500
32240
32190
32110
32400
32150
32100
32480
32410
32100
32450
32160
32550
32550
32110
32330
32360
32230
32220
32810
32700
32400
32600
32240
32480
32220
32110
32300
32140
32230
32290
32290
32110
32270
32110
32380
32310
32730
32170
32370
32140
32120
32310
32190
32120
32230
32490
32290
32150
32270
32170
32700
32230
32700
32140
32240
32400
32400
32240
32200
32380
32120
32420
32360
32170
32340
32300
32390
32300
32350
32390
32420
32130
32600
32300
32150
32300
32260
32260
32490
32120
32220
32240
32140
32230
32240
32170
32220
32220
32300
32810
32140
32170
32550
32730
32220
32320
32390
32420
32200
32220
32250
32240
32330
32300
32190
32130
32110
32130
32270
32800
32260
32350
32260
32230
32140
32110
32500
32550
32130
32420
32460
32700
32550
32380
32340
32320
32360
32230
32500
32160
32340
32130
32130
32300
32300
32290
32320
32260
32480
32390
32160
32810
32190
32400
32600
32120
32220
32390
32800
32600
32800
32390
32230
32320
32400
32480
32190
32390
32810
32430
32100
32310
32190
32420
32290
32170
32200
32430
32340
32120
32350
32300
32160
32300
32700
32140
32120
32320
32390
32370
32380
32380
32430
32170
32450
32300
32120
32430
32400
32200
32110
32550
32190
32230
32360
32380
32220
32220
32200
32300
32110
32480
32450
32300
32300
32700
32700
32300
32400
32120
32100
32300
32190
32290
32310
32500
32270
32220
32370
32140
32130
32260
32450
32420
32400
32170
32120
32500
32220
32300
32220
32130
32230
32190
32400
32600
32260
32230
32450
32700
32140
32120
32130
32420
32110
32430
32120
32110
32260
32400
32160
32120
32700
32400
32430
32160
32170
32450
32430
32240
32230
32420
32380
32390
32450
32230
32190
32500
32110
32310
32720
32400
32190
32400
32730
32420
32300
32200
32140
43100
43000
43270
43150
43580
43380
43200
43490
43380
43700
43380
43110
43300
43450
43300
43390
43390
43370
43340
43210
43800
43100
43500
43200
43590
43350
43160
43200
43170
43350
43380
43700
43450
43500
43160
43350
43510
43360
43370
43100
43700
43510
43270
43380
43000
43770
43150
43160
43800
43410
43400
43440
43260
43430
43170
43100
43300
43270
43120
43160
43300
43700
43320
43230
43440
43300
43430
43230
43300
43190
43380
43500
43230
43160
43100
43230
43160
43490
43700
43230
43500
43300
43170
43370
43300
43230
43220
43450
43000
43170
43580
43150
43430
43160
43300
43320
43100
43150
43150
43250
43230
43150
43200
43450
43170
43100
43230
43230
43500
43490
43100
43340
43300
43260
43200
43150
43440
43100
43380
43800
43410
43410
43350
43360
43320
43100
43800
43210
43160
43190
43520
43230
43300
43100
43800
43150
43580
43120
43270
43230
43700
43290
43290
43260
43150
43510
43100
43230
43300
43200
43300
43000
43330
43420
43300
43150
43000
43260
43290
43340
43130
43220
43810
43800
43130
43300
43420
43380
43100
43300
43290
43340
43370
43380
43140
43440
43420
43260
43450
43230
43330
43250
43550
43350
43230
43500
43700
43360
43340
43390
43260
43380
43500
43320
43510
43200
43260
43500
43300
43200
43220
43240
43100
43100
43230
43150
43200
43500
43620
43160
43420
43350
43810
43260
43230
43580
43580
43380
43620
43600
43580
43440
43140
43500
43320
43800
43150
43230
43320
43170
43140
43160
43510
43300
43130
43370
43300
43190
43170
43580
43530
43450
43210
43230
43750
43270
43430
43320
43170
43320
43360
43270
43320
43390
43100
43490
43380
43600
43800
43200
19260
19200
19190
19380
19240
19200
19120
19250
19000
19320
19400
19230
19120
19190
19220
19310
19800
19430
19220
19120
19390
19290
19510
19190
19230
19230
19120
19170
19110
19500
19310
19100
19170
19430
19350
19370
19450
19330
19320
19320
19150
19330
19360
19120
19430
19300
19600
19190
19600
19500
19390
19290
19200
19120
19160
19320
19500
19250
19350
19140
19150
19800
19360
19340
19340
19520
19500
19360
19220
19300
19250
19270
19300
19170
19150
19140
19600
19410
19140
19340
19800
19330
19340
19380
19800
19430
19170
19300
19320
19320
19400
19500
19350
19170
19150
19320
19150
19500
19700
19150
19160
19340
19510
19190
19550
19600
19340
19130
19160
19550
19170
19160
19200
19500
19120
19600
19470
19500
19310
19210
19470
19360
19520
19320
19500
19200
19510
19250
19510
19190
19430
19340
19200
19250
19800
19500
19290
19400
19340
19110
19300
19210
19300
19460
19600
19160
19380
19500
19600
19120
19130
19410
19390
19190
19160
19150
19300
19170
19310
19410
19190
19290
19260
19450
19200
19170
19120
19120
19430
19260
19220
19320
19160
19300
19350
19270
19500
19200
19390
19130
19500
19380
19130
19410
19430
19200
19600
19380
19220
19700
19130
19130
19210
19200
19160
19200
19270
19490
19200
19220
19290
19330
19550
19170
19160
19560
19400
19700
19220
19430
19210
19500
19160
19150
19400
19320
19210
19320
19170
19330
19160
19600
19210
19320
19200
19200
19270
19150
19800
19220
19290
19310
19700
19290
19130
19230
19250
19380
19240
19200
19140
19300
19510
19800
19110
19310
19230
19700
19160
19190
19220
19430
19120
19290
19370
19300
19550
19170
19200
19170
19260
19230
19120
19000
19500
19270
19200
19140
19200
19240
19130
19120
19260
19200
19170
19410
19130
19800
19130
19310
33230
33124
33440
33810
33510
33390
33640
33760
33120
33460
33740
33460
33370
33570
33500
33240
33430
33240
33980
33790
33124
33480
33640
33190
33760
33730
33190
33750
33114
33720
33190
33530
33880
33230
33710
33430
33640
33340
33130
33410
33830
33760
33760
33350
33430
33390
33124
33750
33210
33380
33500
33430
33190
33340
33290
33540
33390
33670
33210
33370
33910
33000
33100
33200
33300
33800
33350
33270
33190
33710
33113
33110
33480
33420
33124
33820
33124
33520
33720
33650
33420
33750
33140
33410
33240
33750
33880
33360
33420
33190
33660
33390
33610
33550
33220
33840
33560
33121
33410
33360
33390
33390
33190
33540
33480
33540
33210
33350
33640
33490
33540
33690
33620
33113
33430
33790
33360
33150
33720
33760
33610
33620
33230
33250
33920
33350
33340
33540
33210
33540
33710
33890
33340
33760
33580
33690
33230
33580
33670
33750
33620
33240
33430
33670
33460
33420
33420
33540
33580
33860
33410
33350
33230
33840
33760
33420
33190
33820
33220
33390
33320
33760
33210
33370
33230
33270
33350
33190
33190
33190
33390
33570
33126
33760
33410
33340
33430
33133
33430
33350
33710
33240
33920
33420
33890
33190
33840
33540
33840
33660
33170
33590
33420
33690
33420
33720
33230
33470
33185
33550
33125
33990
33190
33720
33640
33450
33590
33420
33890
33460
33690
33650
33680
33760
33124
33230
33240
33460
33190
33500
33790
33540
33720
33550
33210
33710
33138
33620
33410
33840
33620
33360
33690
33950
33970
33210
33850
33840
33340
33550
33220
33500
33430
33360
33220
33790
33480
33310
33190
33125
33370
33410
33190
33840
33290
33420
33760
33240
33830
33570
33460
33670
33230
33620
33460
33220
33430
33690
33620
33127
33650
33760
33690
33790
33540
33210
33390
33700
33350
33540
33380
33710
33190
33410
33580
33570
33190
33760
33450
33190
33240
33350
33480
33420
33410
33990
33420
33500
33750
33580
33430
33190
33730
33410
33340
33113
33550
33290
33250
33230
33790
33240
33600
33890
33570
33240
33290
33490
33220
33390
33820
33720
33500
33730
33370
33190
33660
33680
33640
33670
33730
33210
33710
33710
33570
33210
33350
33580
33190
33660
33340
33360
33420
33860
33190
33580
33220
33410
33126
33210
33760
33580
33220
33350
33910
33670
33141
33126
33240
33490
33220
33390
33790
33660
33820
33420
33160
33220
33220
33540
33820
33860
33880
33920
33340
33330
33230
33570
33910
33710
33820
33350
33430
33410
33910
33330
33180
33330
33560
33190
33540
33580
33350
33220
33490
33580
33390
33350
33240
33670
33760
33490
33340
33750
33240
33240
33920
33480
33190
33540
33330
33420
33127
33250
33112
33240
33330
33540
33190
33113
33670
33210
33450
33440
33490
33125
33350
33490
33620
33490
33390
33910
33540
33490
33910
33540
33230
33650
33160
33840
33126
33720
33190
33650
33820
33210
33390
33330
33350
33350
33220
33490
33760
33210
33750
33220
33350
33240
33250
33660
33920
33650
33710
33180
33390
33660
33190
33330
33580
33540
33450
33113
33350
33710
33440
33420
33920
33590
33580
33920
33340
33160
33370
33770
33350
33710
33650
33920
33680
33210
33670
33540
33430
33124
33910
33490
33690
33690
33690
33780
33760
33790
33460
33550
33320
33580
33590
33400
33760
33240
33710
33570
33470
33680
33115
33260
33710
33420
33620
33210
33550
33370
33125
33730
33340
33870
33930
33590
33240
33490
33123
33180
33330
33730
33141
33550
33140
33710
33720
33240
33370
33380
63260
63980
63600
63770
63340
63420
63420
63250
63420
63220
63700
63460
63260
63170
63120
63930
63340
63510
63210
63114
63570
63590
63690
63390
63970
63600
63810
63570
63310
63570
63110
63310
63116
63460
63500
63480
63610
63220
63160
63640
63112
63440
63160
63190
63340
63150
63760
63910
63570
63500
63340
63820
63500
63230
63490
63880
63350
63270
63330
63260
63700
63118
63620
63520
63250
63330
63670
63122
63210
63250
63320
63340
63400
63980
63790
63580
63320
63600
63440
63530
63450
63230
63590
63420
63580
63720
63260
63340
63410
63410
63640
63290
63160
63320
63680
63119
63390
63330
63290
63140
63660
63220
63117
63720
63200
63320
63740
63320
63720
63000
63100
63340
63380
63460
63610
63380
63490
63730
63114
63320
63450
63800
63120
63450
63350
63810
63700
63350
63590
63340
63200
63520
63220
63300
63220
63700
63830
63980
63260
63850
63490
63160
63840
63720
63720
63530
63300
63390
63850
63160
63520
63570
63160
63630
63620
63500
63600
63980
63740
63360
63620
63340
63200
63160
63850
63230
63390
63320
63600
63890
63470
63210
63270
63500
63990
63350
63460
63570
63690
63290
63570
63380
63700
63270
63820
63690
63760
63680
63370
63190
63190
63290
63440
63410
63320
63360
63350
63340
63200
63510
63270
63410
63480
63440
63340
63350
63940
63200
63430
63730
63720
63160
63220
63230
63420
63220
63320
63560
63200
63750
63111
63115
63730
63380
63190
63890
63650
63310
63700
63320
63460
63240
63380
63230
63160
63260
63114
63340
63700
63200
63200
63150
63790
63210
63120
63320
63560
63160
63290
63830
63340
63220
63210
63880
63450
63880
63500
63670
63870
63210
63190
63550
63500
63270
63500
63290
63170
63800
63210
63500
63920
63580
63200
63113
63270
63330
63730
63380
63430
63230
63440
63500
63200
63470
63230
63290
63470
63330
63780
63310
63190
63160
63930
63420
63200
63290
63670
63420
63330
63210
63800
63540
63130
63840
63120
63260
63220
63420
63890
63450
63310
63410
63660
63380
63500
63360
63630
63630
63800
63210
63200
63580
63390
63320
63660
63310
63310
63520
63320
63680
63890
63700
63380
63580
63600
63320
63520
63440
63122
63850
63260
63580
63780
63800
63470
63340
63630
63390
63880
63340
63340
63440
63380
63330
63720
63230
63190
63520
63490
63570
63160
63390
63820
63600
63350
63330
63600
63570
63580
63330
63270
63460
63710
63230
63440
63610
63480
63230
63210
63310
63640
63490
63440
63440
63500
63550
63660
63450
63450
63950
63220
63760
63310
63790
63550
63320
63500
63270
63260
63970
63390
63320
63470
63500
63840
63730
63120
63490
63750
63530
63120
63560
63190
63690
63500
63490
63720
63450
63690
63460
63560
63340
63300
63600
63260
63470
63590
63320
63380
63810
63520
63490
63610
63600
63580
63720
63500
63910
63260
63330
63580
63710
63470
63210
63320
63910
63480
63960
63340
63270
63340
63310
63380
63350
63330
63250
63410
63840
63500
63620
63120
63120
63530
63700
63270
63200
75001
75002
75003
75004
75005
75006
75007
75008
75009
75010
75011
75012
75013
75014
75015
75016
75017
75018
75019
75020
75116
84210
84240
84400
84810
84390
84400
84000
84140
84330
84240
84120
84210
84190
84220
84120
84340
84370
84410
84570
84500
84480
84390
84110
84480
84240
84220
84160
84860
84290
84850
84330
84200
84750
84400
84510
84300
84470
84230
84460
84350
84110
84410
84160
84320
84340
84110
84410
84400
84400
84190
84220
84220
84240
84600
84800
84450
84150
84220
84480
84190
84400
84290
84800
84840
84840
84360
84220
84870
84160
84340
84570
84660
84380
84560
84360
84570
84120
84330
84430
84390
84170
84310
84570
84550
84240
84220
84580
84100
84210
84120
84240
84420
84130
84360
84110
84160
84110
84600
84110
84440
84190
84210
84220
84400
84110
84400
84290
84390
84210
84330
84390
84110
84750
84760
84220
84330
84110
84290
84490
84450
84390
84240
84260
84390
84800
84390
84110
84830
84400
84700
84190
84300
84250
84240
84850
84100
84190
84110
84600
84800
84160
84270
84740
84210
84750
84400
84110
84530
84570
84150
84820
84240
81470
81200
81250
81000
81240
81470
81140
81190
81170
81430
81500
81140
81350
81260
81700
81110
81360
81160
81340
81600
81200
81500
81320
81630
81500
81430
81540
81260
81150
81700
81260
81700
81400
81490
81170
81660
81260
81600
81390
81440
81600
81100
81300
81500
81170
81600
81340
81130
81540
81470
81140
81990
81260
81580
81540
81140
81570
81990
81400
81150
81260
81150
81140
81100
81200
81150
81640
81170
81800
81340
81350
81350
81990
81570
81470
81250
81220
81120
81170
81110
81340
81540
81290
81530
81260
81150
81120
81340
81600
81500
81150
81340
81170
81430
81990
81570
81600
81700
81450
81500
81530
81500
81300
81800
81170
81440
81190
81170
81150
81400
81270
81500
81300
81100
81120
81290
81240
81340
81170
81230
81330
81500
81470
81210
81110
81090
81150
81220
81120
81260
81640
81140
81260
81300
81440
81500
81340
81700
81110
81380
81310
81170
81120
81170
81800
81500
81220
81130
81170
81150
81500
81530
81500
81110
81250
81470
81200
81800
81170
81130
81250
81190
81300
81640
81600
81190
81500
81440
81630
81140
81210
81630
81470
81190
81440
81360
81120
81170
81630
81190
81300
81320
81470
81430
81170
81320
81320
81710
81490
81170
81120
81340
81700
81190
81310
81250
81660
81470
81140
81440
81310
81660
81700
81120
81220
81500
81470
81390
81440
81140
81120
81990
81700
81800
81330
81120
81240
81170
81600
81210
81800
81470
81400
81240
81150
81120
81140
81290
81500
81110
81240
81240
81250
81110
81140
81400
81190
81140
81340
81390
81190
81440
81700
81210
81350
81350
81500
81210
81160
81440
81340
81500
81170
81170
81340
81140
81220
81330
81530
81490
81700
81370
81630
81710
81990
81640
81630
81350
81240
81630
81640
81570
81530
81600
81990
81350
81220
81120
81540
81580
81170
81130
81190
81630
81600
81120
81150
81500
81220
81170
81190
81340
81190
81330
81350
81090
81340
81140
81500
81440
81110
81140
81530
81570
81140
81430
81500
81130
81170
81240
81640
81220
81500
81290
81150
72650
72600
72700
72540
72610
72610
72370
72230
72270
72430
72130
72170
72800
72600
72300
72540
72260
72350
72400
72430
72200
72290
72650
72200
72110
72340
72500
72170
72160
72320
72610
72310
72610
72600
72400
72110
72400
72390
72440
72610
72270
72550
72370
72250
72110
72500
72350
72330
72340
72250
72470
72610
72320
72560
72430
72800
72300
72400
72310
72650
72240
72160
72340
72540
72500
72510
72550
72540
72210
72610
72500
72170
72610
72400
72350
72200
72310
72600
72120
72290
72240
72160
72600
72400
72440
72190
72550
72800
72290
72270
72110
72110
72150
72260
72320
72300
72540
72140
72200
72240
72260
72550
72400
72500
72390
72240
72170
72130
72160
72270
72220
72120
72540
72700
72120
72470
72550
72430
72400
72210
72500
72330
72350
72600
72610
72130
72610
72130
72610
72150
72320
72140
72230
72380
72110
72540
72380
72300
72170
72500
72200
72220
72320
72240
72390
72500
72340
72270
72610
72450
72540
72300
72540
72210
72600
72600
72390
72500
72290
72800
72800
72210
72440
72270
72600
72000
72100
72510
72340
72540
72200
72170
72220
72600
72260
72120
72360
72260
72320
72170
72270
72290
72240
72650
72170
72230
72260
72260
72120
72380
72320
72130
72150
72140
72130
72230
72260
72600
72240
72190
72140
72240
72110
72500
72260
72430
72370
72610
72330
72600
72300
72140
72330
72250
72300
72260
72140
72170
72300
72430
72600
72350
72450
72510
72300
72400
72110
72700
72150
72550
72120
72260
72510
72210
72610
72140
72140
72700
72110
72230
72240
72310
72340
72300
72110
72130
72400
72220
72120
72600
72110
72120
72170
72540
72460
72110
72110
72350
72150
72700
72110
72130
72800
72120
72220
72380
72380
72510
72320
72430
72130
72600
72320
72170
72440
72220
72470
72400
72440
72130
72220
72350
72610
72130
72190
72500
72430
72600
72150
72140
72600
72600
72380
72650
72240
72320
72130
72600
72150
72600
72360
72190
72460
72800
72160
72170
72390
72140
72460
72300
72130
72380
72210
72290
72370
72400
72300
72700
72370
72210
72430
72540
72290
72220
72240
72110
72320
72260
72610
72500
72800
72160
72110
72650
72440
72170
72160
72500
72320
72540
72310
72360
72170
72600
72320
72600
72400
72150
72270
72300
72350
72170
72210
72440
72160
72330
72530
17500
17290
17123
17150
17500
17540
17230
17540
17690
17350
17380
17400
17120
17520
17380
17290
17590
17520
17530
17400
17770
17470
17770
17770
17800
17440
17160
17600
17160
17290
17360
17120
17490
17620
17490
17210
17800
17170
17770
17330
17460
17250
17400
17800
17160
17470
17240
17580
17150
17430
17270
17360
17800
17540
17560
17220
17120
17210
17490
17700
17920
17870
17520
17160
17120
17800
17770
17160
17770
17100
17210
17430
17520
17270
17800
17890
17290
17130
17500
17620
17240
17430
17610
17380
17100
17230
17130
17480
17340
17210
17130
17600
17120
17210
17610
17470
17460
17210
17510
17520
17290
17500
17220
17270
17240
17600
17360
17330
17460
17150
17470
17130
17600
17600
17670
17800
17330
17400
17160
17170
17100
17130
17130
17120
17170
17260
17350
17160
17220
17330
17470
17330
17550
17610
17139
17100
17800
17620
17770
17810
17510
17400
17600
17120
17137
17250
17750
17130
17350
17170
17800
17120
17240
17630
17510
17500
17100
17400
17290
17270
17450
17250
17260
17360
17430
17520
17160
17160
17260
17100
17490
17350
17170
17120
17620
17600
17540
17500
17160
17137
17460
17520
17220
17220
17330
17260
17500
17770
17130
17140
17170
17380
17290
17500
17870
17470
17111
17230
17520
17240
17330
17160
17330
17600
17500
17430
17490
17230
17320
17800
17700
17137
17490
17160
17570
17400
17800
17600
17210
17132
17130
17120
17500
17330
17770
17150
17780
17160
17130
17270
17800
17210
17260
17220
17430
17113
17120
17500
17240
17350
17430
17380
17600
17770
17510
17520
17500
17270
17490
17810
17150
17137
17600
17380
17540
17470
17210
17500
17470
17800
17180
17810
17210
17400
17600
17240
17250
17210
17130
17800
17250
17350
17880
17210
17400
17460
17160
17138
17380
17700
17380
17500
17460
17940
17460
17300
17000
17510
17250
17170
17800
17130
17200
17600
17620
17360
17260
17570
17150
17770
17770
17220
17520
17240
17590
17210
17430
17380
17170
17650
17150
17240
17520
17330
17240
17780
17250
17240
17240
17110
17470
17150
17810
17190
17700
17500
17700
17500
17240
17240
17770
17500
17430
17400
17620
17170
17400
17320
17450
17800
17520
17380
17520
17470
17700
17740
17330
17150
17500
17520
17270
17360
17400
17410
17500
17220
17770
17780
17230
17490
17210
17800
17420
17400
17700
17400
17330
17310
17270
17250
17800
17250
17240
17220
17600
17700
17610
17540
17350
17800
17800
17330
17240
17500
17260
17150
17600
17220
17250
17200
17150
17370
17100
17220
17138
17100
17510
17130
17800
17220
17600
17510
17150
17150
17120
17770
17490
17160
17780
17150
17250
17130
17130
17700
17350
17350
17120
17260
17170
17400
17460
17120
17290
17460
17600
17160
17290
17380
17430
17380
17160
17390
17250
17130
17250
17380
17700
17500
17400
17460
17640
17100
17300
17330
17400
17540
17400
17130
17260
17770
17470
17230
17470
17330
17500
17510
17510
17260
17290
17400
17700
17340
17730
17370
17840
83600
83630
83111
83460
83630
83560
83630
83600
83150
83840
83830
83670
83840
83630
83630
83330
83210
83890
83230
83840
83149
83840
83170
83119
83340
83740
83830
83440
83170
83340
83570
83660
83320
83330
83240
83170
83300
83670
83840
83830
83310
83610
83840
83570
83570
83260
83420
83390
83300
83570
83560
83330
83210
83440
83830
83340
83780
83136
83670
83370
83600
83130
83680
83136
83580
83560
83590
83310
83400
83980
83250
83510
83340
83840
83340
83136
83136
83630
83310
83440
83440
83131
83570
83670
83920
83490
83860
83136
83470
83190
83390
83790
83640
83120
83670
83470
83910
83220
83480
83390
83350
83630
83200
83560
13780
83136
83380
83520
83136
83840
83170
83136
83270
83560
83560
83120
83470
83440
83530
83700
83990
83640
83690
83630
83110
83440
83470
83500
83870
83690
83140
83210
83210
83210
83440
83460
83670
83340
83000
83100
83200
83440
83690
83170
83720
83840
83143
83160
83670
83560
83630
83550
83690
83560
83170
83820
83430
83510
85460
85220
85190
85750
85120
85220
85430
85200
85440
85630
85550
85130
85390
85170
85190
85500
85230
85170
85490
85610
85560
85320
85710
85600
85430
85420
85230
85510
85200
85480
85470
85320
85260
85530
85410
85410
85450
85220
85310
85300
85450
85540
85110
85220
85670
85210
85400
85120
85320
85710
85140
85250
85390
85390
85220
85220
85260
85320
85320
85610
85540
85420
85200
85170
85590
85740
85140
85670
85240
85800
85280
85700
85200
85480
85240
85300
85710
85130
85190
85150
85800
85540
85670
85440
85580
85770
85680
85260
85500
85570
85770
85340
85350
85520
85110
85540
85400
85150
85130
85220
85370
85420
85120
85200
85560
85400
85170
85190
85400
85420
85420
85590
85320
85240
85570
85150
85420
85700
85700
85140
85200
85500
85110
85600
85700
85200
85450
85290
85150
85640
85390
85000
85540
85320
85370
85370
85310
85430
85240
85420
85330
85690
85200
85670
85320
85300
85570
85320
85200
85770
85170
85440
85570
85700
85240
85450
85250
85700
85210
85270
85620
85000
85510
85320
85100
85180
85340
85250
85260
85130
85210
85540
85540
85110
85670
85410
85540
85580
85170
85210
85670
85150
85310
85150
85250
85400
85150
85110
85230
85800
85210
85270
85240
85120
85440
85480
85210
85160
85210
85150
85410
85290
85220
85590
85590
85470
85200
85570
85140
85130
85210
85150
85120
85390
85700
85580
85200
85500
85670
85320
85660
85120
85420
85110
85450
85220
85420
85410
85230
85570
85110
85540
85520
85300
85200
85110
85300
85310
85450
85390
85440
85120
85210
85480
85410
85130
85360
85600
85590
85580
85150
85190
85250
85130
85500
85770
85450
85120
85240
25320
25440
25340
25310
25250
25360
25530
25750
25360
25490
25300
25550
25220
25330
25330
25330
25340
25250
25400
25610
25750
25300
25520
25270
25520
25170
25400
25110
25150
25870
25720
25680
25690
25490
25560
25210
25420
25440
25640
25380
25110
25550
25470
25500
25380
25530
25430
25420
25410
25000
25200
25720
25250
25520
25190
25210
25310
25640
25250
25250
25330
25230
25680
25870
25210
25560
25210
25360
25560
25150
25250
25320
25560
25640
25340
25640
25530
25440
25120
25640
25250
25110
25380
25240
25600
25440
25520
25560
25170
25470
25320
25440
25320
25290
25640
25120
25440
25300
25220
25220
25380
25190
25170
25360
25640
25170
25330
25240
25270
25470
25380
25440
25140
25290
25840
25240
25640
25870
25170
25190
25650
25530
25240
25440
25430
25320
25770
25500
25440
25170
25530
25620
25870
25440
25330
25340
25300
25260
25500
25390
25410
25640
25410
25360
25420
25440
25170
25380
25470
25530
25560
25340
25340
25240
25270
25680
25680
25110
25680
25440
25870
25150
25600
25110
25490
25420
25190
25450
25310
25410
25230
25960
25750
25330
25870
25300
25560
25510
25300
25550
25580
25440
25550
25580
25480
25140
25150
25640
25150
25170
25530
25800
25290
25110
25580
25620
25330
25260
25170
25250
25800
25460
25520
25400
25530
25250
25580
25470
25410
25330
25490
25470
25190
25500
25330
25640
25390
25190
25660
25720
25340
25340
25210
25110
25110
25370
25440
25300
25140
25140
25170
25770
25560
25190
25390
25240
25250
25870
25250
25660
25510
25640
25270
25650
25360
25310
25190
25340
25680
25360
25680
25470
25150
25520
25440
25200
25570
25210
25320
25390
25510
25380
25300
25160
25790
25620
25110
25110
25580
25390
25650
25310
25620
25340
25370
25370
25300
25680
25250
25110
25110
25470
25250
25550
25170
25370
25160
25130
25550
25820
25360
25530
25170
25250
25720
25210
25440
25580
25170
25510
25270
25190
25440
25330
25930
25440
25110
25690
25690
25380
25260
25330
25650
25370
25390
25260
25210
25110
25360
25120
25650
25330
25620
25160
25160
25620
25250
25120
25350
25640
25250
25700
25170
25250
25210
25410
25620
25660
25870
25680
25310
25440
25370
25480
25870
25170
25680
25680
25190
25190
25200
25210
25650
25210
25120
25190
25260
25660
25320
25650
25111
25110
25190
25500
25270
25160
25660
25680
25660
25500
25240
25170
25920
25440
25360
25360
25680
25330
25210
25150
25580
25500
25190
25170
25600
25220
25640
25250
25390
25120
25290
25620
25530
25430
25360
25320
25410
25640
25520
25530
25160
25440
25870
25440
25360
25690
25170
25190
25440
25240
25310
25510
25480
25170
25210
25390
25470
25160
25440
25340
25300
25150
25240
25110
25410
25115
25640
25550
25250
25380
25680
25720
25640
25440
25430
25320
25430
25250
25550
25170
25240
25150
25160
25520
25440
25330
25640
25640
25110
25560
25370
25220
25340
25310
25680
25680
25440
25240
25410
25190
25380
25680
25640
25440
25640
25170
25290
25210
25270
25370
25300
25340
25520
25640
25190
25360
25550
25210
25113
25260
25160
25630
25410
25440
25430
25660
25330
25240
25580
25170
25290
25110
25230
25750
25270
25770
25430
25330
25110
25600
25190
25520
25510
25190
25250
25250
25380
25400
25680
25870
25620
25470
25220
25320
25310
25870
25320
25370
25640
25680
25620
25680
25470
25680
25470
25340
25220
25800
25640
25700
25870
25190
25190
25230
25380
25380
25360
25190
25160
25410
25430
25530
25430
25870
25640
25390
25530
25110
25110
25580
25430
25750
25300
25660
25870
25340
25600
25310
25410
25190
25150
25240
25650
25270
25170
25530
25640
25510
25110
25270
25110
25580
25320
25420
25840
25300
25430
20167
20000
20090
20167
20167
20128
20166
20112
20151
20167
20110
20160
20140
20151
20116
20190
20121
20160
20119
20129
20110
20100
20136
20169
20111
20142
20151
20170
20133
20190
20130
20164
20111
20140
20117
20134
20118
20160
20123
20166
20135
20168
20138
20148
20126
20167
20117
20126
20114
20100
20190
20143
20157
20100
20100
20100
20128
20166
20160
20128
20153
20137
20160
20170
20139
20165
20141
20112
20140
20171
20160
20117
20140
20113
20112
20125
20147
20150
20134
20147
20121
20167
20140
20115
20131
20166
20123
20125
20160
20137
20110
20142
20122
20160
20121
20121
20121
20134
20145
20151
20167
20100
20140
20127
20147
20125
20140
20152
20146
20151
20137
20170
20112
20143
20190
20134
20167
20163
20117
20133
20128
20167
20172
20118
20160
20110
20167
20116
20173
20132
20190
20124
20144
20112
48310
48200
48190
48800
48100
48310
48170
48130
48600
48200
48000
48800
48000
48500
48000
48400
48400
48250
48200
48200
48170
48190
48250
48400
48000
48000
48310
48100
48500
48400
48190
48600
48230
48300
48000
48170
48310
48170
48140
48300
48400
48160
48190
48190
48230
48230
48310
48200
48400
48700
48310
48400
48110
48100
48150
48600
48260
48100
48340
48150
48320
48140
48120
48300
48000
48170
48700
48500
48250
48100
48270
48210
48140
48140
48260
48100
48210
48500
48000
48150
48110
48110
48100
48170
48100
48260
48300
48310
48100
48600
48140
48000
48300
48110
48220
48800
48800
48200
48260
48100
48100
48700
48000
48700
48200
48300
48400
48150
48120
48800
48240
48000
48100
48600
48200
48210
48110
48700
48210
48320
48000
48330
48120
48300
48170
48160
48240
48700
48370
48340
48190
48160
48170
48310
48160
48100
48400
48310
48100
48140
48160
48110
48160
48600
48340
48150
48200
48240
48140
48500
48170
48230
48100
48700
48310
48500
48340
48400
48220
48800
79240
79200
79230
79600
79130
79350
79210
79210
79160
79150
79300
79290
79170
79600
79110
79390
79400
79600
79800
79400
79130
79420
79370
79360
79160
79000
79300
79310
79800
79210
79600
79260
79300
79140
79170
79290
79170
79230
79240
79190
79370
79140
79150
79290
79110
79500
79220
79320
79220
79200
79190
79430
79130
79160
79360
79700
79200
79180
79110
79120
79170
79410
79120
79350
79600
79170
79140
79420
79350
79190
79140
79510
79160
79330
79440
79220
79340
79110
79390
79410
79170
79270
79400
79800
79350
79160
79450
79160
79390
79340
79110
79380
79340
79230
79360
79360
79260
79370
79270
79330
79150
79220
79330
79200
79110
79190
79360
79220
79110
79600
79170
79230
79200
79240
79120
79390
79190
79190
79110
79110
79600
79100
79170
79330
79170
79100
79460
79190
79500
79600
79360
79600
79210
79310
79500
79190
79340
79120
79240
79320
79380
79190
79140
79800
79370
79400
79130
79000
79250
79100
79600
79390
79170
79220
79800
79200
79100
79170
79190
79700
79200
79330
79140
79190
79200
79130
79230
79370
79800
79390
79210
79160
79420
79130
79270
79120
79260
79700
79380
79300
79450
79220
79150
79120
79100
79800
79410
79330
79500
79600
79400
79210
79200
79340
79210
79100
79100
79160
79100
79420
79600
79160
79400
79310
79230
79100
79400
79290
79420
79150
79410
79260
79220
79310
79240
79700
79160
79410
79230
79500
79120
79270
79330
79100
79500
79400
79800
79270
79200
79190
79000
79240
79170
79130
79170
79120
79800
79800
79220
79200
79390
79100
79100
79240
79210
79360
79270
79120
79270
79120
79340
79420
79420
79240
79170
79310
79170
79200
79170
79110
79360
79160
79170
79310
79230
79220
16500
16700
16110
16140
16490
16140
16490
16560
16130
16120
16300
16000
16500
16130
16290
16390
16460
16560
16360
16430
16140
16300
16210
16300
16700
16120
16210
16450
16250
16210
16350
16700
16480
16250
16140
16700
16120
16250
16320
16480
16390
16120
16190
16360
16350
16410
16200
16120
16100
16240
16370
16590
16300
16210
16420
16500
16480
16110
16260
16230
16150
16150
16250
16210
16300
16250
16350
16290
16430
16360
16140
16320
16140
16380
16260
16150
16350
16200
16100
16120
16480
16380
16460
16310
16370
16240
16480
16150
16440
16100
16320
16700
16360
16500
16560
16330
16200
16240
16700
16190
16210
16400
16460
16300
16210
16190
16410
16410
16290
16140
16170
16220
16320
16240
16490
16210
16500
16150
16250
16150
16220
16700
16380
16730
16200
16230
16240
16410
16140
16200
16410
16320
16170
16130
16130
16130
16200
16160
16140
16450
16380
16300
16480
16320
16290
16490
16200
16340
16200
16560
16100
16190
16130
16230
16200
16250
16300
16120
16300
16390
16500
16420
16310
16460
16140
16130
16300
16730
16310
16700
16240
16230
16270
16100
16140
16450
16230
16240
16320
16600
16230
16380
16120
16500
16230
16140
16170
16110
16570
16380
16310
16310
16210
16200
16100
16370
16200
16140
16620
16220
16300
16310
16330
16390
16240
16190
16420
16600
16120
16290
16440
16460
16460
16310
16390
16230
16700
16200
16440
16270
16190
16140
16500
16220
16480
16210
16240
16390
16450
16480
16250
16390
16260
16250
16490
16190
16700
16110
16150
16400
16230
16240
16140
16360
16200
16210
16110
16110
16110
16320
16210
16320
16170
16440
16310
16220
16600
16700
16310
16330
16120
16170
16230
16300
16210
16300
16100
16420
16230
16450
16350
16170
16480
16130
16140
16460
16570
16700
16380
16700
16230
16450
16100
16480
16190
16700
16260
16500
16300
16170
16720
16470
16300
16130
16150
16210
16210
16290
16200
16390
16120
16220
16480
16370
16460
16480
16710
16130
16300
16700
16190
16420
16310
16480
16130
16410
16200
16440
16380
16240
16800
16260
16260
16700
16110
16360
16240
16410
16560
16360
16600
16200
16730
16350
16140
16460
16330
16320
16170
16460
16140
16310
16130
16510
16330
16120
16350
16350
16300
16110
16220
16320
16240
16560
16240
16230
16430
16310
16400
16330
16250
16220
16410
16330
16210
16110
20270
20244
20212
20224
20270
20220
20251
20212
20272
20270
20220
20276
20225
20253
20228
20200
20600
20226
20252
20620
20235
20290
20222
20212
20228
20224
20214
20260
20260
20244
20229
20270
20290
20252
20230
20217
20235
20229
20229
20244
20237
20215
20224
20250
20270
20213
20212
20235
20218
20218
20218
20236
20225
20238
20221
20230
20220
20256
20224
20250
20226
20237
20290
20212
20244
20275
20253
20212
20234
20225
20237
20212
20600
20245
20218
20240
20227
20237
20251
20220
20243
20218
20244
20225
20252
20230
20215
20224
20290
20240
20260
20228
20245
20270
20259
20212
20287
20270
20218
20229
20214
20290
20214
20220
20218
20238
20219
20239
20225
20225
20229
20242
20217
20234
20226
20226
20217
20217
20232
20217
20232
20259
20290
20236
20234
20290
20226
20251
20270
20229
20253
20290
20213
20234
20230
20272
20215
20234
20229
20251
20229
20218
20229
20229
20218
20233
20230
20251
20234
20242
20246
20220
20228
20234
20259
20240
20250
20232
20237
20230
20229
20218
20215
20237
20218
20290
20243
20213
20237
20229
20246
20250
20247
20248
20242
20244
20239
20218
20213
20290
20212
20243
20215
20233
20240
20213
20246
20250
20226
20229
20212
20221
20220
20213
20217
20213
20246
20230
20230
20244
20200
20250
20230
20200
20221
20230
20217
20246
20250
20220
20230
20230
20230
20270
20234
20248
20270
20250
20218
20232
20234
20221
20235
20229
20259
20230
20231
20240
20215
20229
20215
20242
20290
20279
20200
20219
20290
20272
20214
20272
20243
20240
15160
15100
15700
15100
15100
15380
15110
15240
15400
15200
15150
15130
15500
15000
15240
15250
15800
15700
15240
15270
15600
15500
15700
15300
15230
15340
15130
15340
15290
15500
15230
15320
15200
15350
15270
15190
15300
15500
15500
15110
15700
15500
15400
15400
15320
15400
15170
15190
15100
15250
15150
15130
15430
15110
15300
15140
15700
15110
15380
15140
15170
15140
15310
15110
15130
15310
15150
15230
15110
15200
15170
15800
15120
15250
15120
15130
15230
15120
15150
15120
15130
15160
15270
15120
15150
15250
15590
15500
15500
15300
15300
15300
15120
15600
43450
15110
15320
15320
15190
15210
15230
15590
15190
15400
15220
15250
15500
15200
15110
15600
15200
15400
15100
15500
15500
15240
15190
15100
15240
15190
15600
15120
15150
15380
15300
15230
15250
15170
15300
15100
15260
15150
15290
15800
15290
15430
15230
15170
15230
15700
15800
15160
15130
15600
15500
15800
15250
15170
15400
15220
15100
15150
15290
15600
15320
15240
15190
15220
15190
15140
15310
15140
15590
15140
15800
15600
15150
15130
15600
15400
15140
15100
15100
15150
15400
15310
15800
15600
15220
15230
15110
15140
15230
15140
15500
15250
15140
15350
15500
15140
15110
15150
15600
15190
15290
15130
15110
15150
15380
15140
15200
15130
15120
15240
15290
15300
15340
15150
15100
15200
15170
15100
15250
15130
15100
15800
15100
15310
15270
15110
15600
15400
15300
15100
15400
15170
15300
15380
15240
15100
15590
15160
15350
15130
15160
15130
15800
15500
15120
15200
15100
15300
15220
15210
15130
15000
15130
15290
15140
47000
47350
47800
47190
47800
47110
47420
47160
47170
47700
47370
47700
47250
47800
47220
47310
47140
47120
47480
47120
47230
47130
47290
47200
47470
47700
47300
47200
47500
47470
47550
47240
47290
47250
47410
47370
47210
47320
47420
47310
47130
47260
47160
47330
47600
47430
47350
47290
47440
47340
47240
47700
47340
47260
47290
47180
47330
47160
47120
47220
47430
47470
47330
47370
47320
47130
47270
47250
47450
47500
47260
47370
47360
47180
47340
47220
47500
47160
47140
47210
47110
47470
47210
47330
47420
47120
47470
47350
47120
47600
47310
47220
47700
47400
47400
47330
47230
47600
47260
47510
47200
47600
47600
47360
47140
47500
47190
47200
47150
47400
47260
47400
47270
47250
47250
47340
47400
47420
47180
47250
47350
47150
47150
47360
47350
47320
47240
47190
47400
47180
47330
47310
47170
47260
47800
47310
47340
47600
47360
47150
47410
47230
47800
47390
47300
47120
47700
47200
47120
47290
47360
47360
47200
47200
47220
47430
47370
47140
47140
47200
47210
47180
47170
47800
47310
47290
47340
47310
47380
47600
47150
47230
47160
47150
47500
47600
47150
47380
47330
47210
47500
47130
47120
47800
47350
47360
47200
47290
47290
47800
47600
47190
47600
47440
47120
47210
47520
47150
47140
47350
47700
47380
47230
47420
47480
47130
47170
47700
47360
47160
47300
47350
47270
47800
47210
47160
47170
47700
47210
47250
47310
47800
47700
47340
47120
47150
47350
47350
47180
47270
47410
47120
47300
47310
47380
47210
47210
47500
47250
47120
47450
47120
47270
47130
47160
47160
47110
47430
47700
47270
47210
47180
47170
47290
47270
47220
47200
47800
47290
47170
47160
47270
47120
47330
47340
47270
47360
47360
47180
47120
47220
47140
47270
47310
47500
47150
47250
47420
47600
47340
47270
47800
47150
47500
47220
47120
47150
47410
47360
47430
47410
47310
47350
47170
47120
47200
47270
47110
47370
47230
47380
47400
47210
47370
47380
47140
47140
47400
47260
47230
47380
47160
47120
47300
47210
47400
47200
47230
47370
49650
49700
49000
49100
49440
49260
49420
49260
49540
49240
49430
49150
49070
49250
49750
49110
49450
49510
49600
49370
49122
49170
49320
49160
49080
49520
49520
49650
49390
49125
49250
49320
49700
49440
49460
49420
49310
49360
49260
49400
49440
49290
49220
49220
49123
49270
49530
49340
49140
49330
49290
49380
49540
49500
49125
49120
49310
49670
49750
49300
49700
49560
49140
49690
49140
49260
49260
49390
49190
49700
49400
49700
49430
49000
49460
49260
49330
49460
49250
49590
49220
49123
49220
49140
49320
49610
49330
49150
49430
49220
49440
49160
49700
49370
49440
49140
49360
49122
49140
49630
49280
49220
49770
49250
49330
49430
49310
49460
49260
49140
49220
49110
49270
49600
49730
49640
49390
49610
49610
49680
49390
49490
49340
49730
49560
49490
49360
49124
49110
49290
49410
49570
49620
49130
49170
49420
49520
49260
49430
49190
49740
49160
49320
49350
49400
49170
49124
49280
49370
49350
49130
49170
49170
49130
49260
49190
49750
49070
49070
49170
49280
49230
49450
49660
49710
49260
49170
49140
49250
49630
49800
49610
49310
49160
49123
49112
49480
49800
49400
49170
49330
49500
49520
49280
49140
49140
49360
49610
49460
49400
49280
49220
49380
49750
49125
49360
49800
49340
49730
49700
49730
49400
49260
49220
49370
49390
49390
49400
49340
49310
49540
49560
49400
49140
49680
49360
44170
44140
44150
44320
44680
44410
44460
44115
44740
44760
44160
44140
44130
44430
44830
44260
44340
44580
44190
44130
44830
44750
44470
44390
44850
44450
44410
44670
44330
44260
44240
44110
44690
44320
44640
44118
44190
44290
44360
44560
44220
44521
44490
44160
44590
44480
44530
44110
44500
44130
44460
44660
44320
44130
44190
44190
44520
44119
44290
44530
44350
44690
44115
44410
44810
44610
44520
44170
44440
44670
44430
44260
44650
44850
44310
44430
44110
44590
44270
44690
44260
44270
44170
44290
44470
44520
44522
44420
44780
44520
44690
44620
44140
44550
44370
44590
44760
44850
44330
44000
44100
44200
44300
44390
44130
44110
44170
44700
44521
44560
44330
44440
44270
44640
44670
44390
44290
44540
44420
44770
44140
44630
44160
44860
44210
44380
44710
44522
44510
44770
44260
44390
44750
44330
44430
44140
44400
44440
44640
44660
44660
44390
44860
44117
44160
44110
44250
44310
44650
44270
44360
44690
44530
44800
44150
44680
44190
44640
44720
44450
44670
44710
44980
44190
44310
44410
44550
44680
44850
44540
44730
44350
44600
44460
44680
44320
44310
44160
44230
44320
44590
44880
44260
44530
44590
44840
44110
44660
44240
44440
44360
44470
44390
44650
44440
44170
44119
44570
44420
44330
44370
44170
44120
44116
44360
44110
44640
44810
44522
44140
44170
13080
13090
13100
13290
13540
13190
13980
13104
13123
13129
13200
13280
13400
13930
13390
13121
13330
13570
13520
13100
13720
13130
13320
13720
13150
13440
13480
13950
13620
13260
13600
13350
13790
13220
13160
13600
13250
13780
13112
13510
13820
13810
13430
13630
13580
13990
13270
13710
13120
13420
13180
13450
13690
13850
13118
13800
13490
13113
13410
13680
13910
13370
13700
13001
13002
13003
13004
13005
13006
13007
13008
13009
13010
13011
13012
13013
13014
13015
13016
13117
13500
13103
13520
13650
13590
13150
13105
13140
13940
13890
13550
13660
13520
13330
13821
13170
13790
13124
13860
13380
13750
13110
13230
13114
13610
13340
13840
13870
13640
13830
13360
13790
13740
13670
13100
13760
13250
13610
13103
13100
13460
13310
13920
13115
13210
13119
13730
13300
13960
13560
13240
13109
13150
13100
13530
13126
13880
13770
13122
13116
13670
13127
13111
13470
23150
23380
23200
23000
23700
23210
23480
23200
23170
23210
23210
23400
23700
23210
23160
23120
23260
23160
23260
23190
23210
23270
23140
23200
23220
23230
23400
23200
23220
23400
23600
23600
23000
23700
23170
23320
23700
23600
23800
23230
23350
23210
23480
23220
23170
23110
23240
23190
23220
23160
23250
23000
23700
23700
23700
23430
23270
23130
23200
23250
23130
23220
23500
23270
23800
23700
23100
23140
23260
23160
23500
23140
23700
23480
23800
23110
23340
23400
23500
23100
23260
23320
23110
23360
23480
23450
23320
23350
23340
23500
23380
23230
23240
23000
23130
23270
23250
23140
23220
23270
23800
23600
23150
23170
23150
23600
23220
23700
23240
23360
23190
23170
23260
23700
23800
23150
23260
23600
23400
23700
23210
23100
23190
23150
23260
23360
23420
23320
23400
23460
23220
23210
23150
23220
23200
23800
23200
23300
23500
23170
23600
23360
23350
23140
23000
23130
23130
23140
23250
23260
23250
23500
23130
23110
23270
23700
23460
23800
23110
23250
23000
23000
23700
23190
23250
23600
23150
23300
23300
23260
23200
23200
23400
23200
23480
23260
23130
23000
23130
23270
23400
23190
23000
23290
23000
23500
23000
23500
23250
23500
23160
23430
23150
23250
23110
23130
23400
23000
23300
23000
23130
23200
23200
23460
23600
23150
23100
23460
23430
23260
23300
23200
23100
23480
23400
23100
23260
23260
23400
23200
23150
23430
23460
23600
23110
23300
23240
23400
23500
23160
23600
23190
23320
23140
23800
23000
23480
23320
23000
23460
23150
23170
23350
23250
23600
23230
23120
23300
23170
23250
23170
23140
23800
23340
23260
23260
65260
65100
65240
65400
65360
65440
65390
65150
65690
65100
65370
65140
65370
65220
65200
65170
65560
65360
65100
65400
65400
65240
65200
65400
65230
65670
65400
65240
65400
65100
65130
65500
65400
65130
65100
65240
65100
65130
65200
65200
65350
65400
65240
65800
65390
65700
65240
65660
65380
65370
65130
65400
65400
65380
65170
65200
65710
65200
65140
65690
65360
65240
65100
65240
65380
65230
65250
65100
65130
65460
65140
65670
65170
65250
65400
65710
65190
65380
65130
65100
65360
65360
65220
65190
65370
65230
65120
65230
65130
65410
65150
65150
65220
65130
65330
65400
65590
65320
65190
65140
65350
65350
65130
65170
65100
65460
65370
65220
65130
65400
65190
65140
65350
65240
65170
65190
65500
65190
65500
65710
65170
65300
65230
65130
65330
65230
65700
65350
65190
65350
65230
65130
65230
65700
65110
65370
65590
65240
65350
65130
65100
65120
65800
65200
65230
65190
65300
65350
65350
65370
65230
65350
65170
65370
65250
65500
65140
65130
65130
65100
65130
65130
65130
65120
65400
65220
65240
65170
65120
65700
65370
65560
65220
65220
65130
65240
65190
65400
65330
65330
65320
65370
65670
65320
65250
65100
65120
65370
65150
65240
65140
65100
65200
65240
65200
65100
65400
65100
65350
65240
65190
65130
65170
65240
65120
65170
65240
65230
65230
65700
65200
65150
65250
65700
65380
65200
65190
65310
65330
65350
65420
65410
65370
65370
65250
65350
65100
65240
65290
65100
65100
65200
65130
65700
65130
65140
65700
65320
65300
65100
65700
65230
65220
65310
65380
65220
65140
65240
65190
65380
65300
65350
65220
65670
65700
65230
65700
65350
65670
65400
65380
65140
65190
65100
65190
65140
65330
65200
65350
65150
65130
65250
65100
65200
65240
65510
65240
65290
65350
65100
65370
65220
65220
65190
65100
65320
65220
65300
65120
65700
65140
65350
65500
65200
65350
65190
65700
65370
65130
65150
65220
65250
65200
65140
65360
65140
65670
65670
65240
65330
65150
65200
65690
65250
65150
65190
65140
65350
65150
65200
65150
65500
65310
65350
65190
65100
65200
65230
65190
65200
65380
65800
65320
65350
65100
65380
65100
65190
65370
65100
65100
65490
65100
65400
65190
65240
65100
65130
65190
65230
65350
65270
65140
65260
65300
65320
65100
65190
65230
65350
65200
65400
65500
65230
65220
65140
65330
65300
65190
65590
65350
65330
65370
65220
65170
65250
65100
65700
65170
65150
65500
65370
65360
65400
65150
65270
65400
65140
65370
65120
65400
65360
65370
65500
65230
65130
65390
65370
65410
65140
65600
65120
65700
65120
65140
65100
65150
65600
65140
65330
65400
65100
65320
65220
65120
65500
65190
65370
65400
65700
65350
65370
65700
65430
65260
65350
65300
65500
65320
65000
65370
65230
65350
65150
65130
65140
65190
65220
65330
65170
65200
65220
65370
65140
65150
65300
65140
65400
65200
65500
65220
65700
65120
65360
65170
65240
65400
65230
65120
65100
65170
65700
65260
65220
65230
65500
65500
65120
65200
65120
65150
31230
31550
31280
31450
31420
31460
31230
31230
31510
31110
31160
31160
31210
31160
31440
31440
31360
31110
31160
31800
31140
31420
31190
31320
31460
31190
31420
31570
31260
31210
31840
31190
31360
31320
31650
31290
31380
31420
31440
31510
31110
31580
31130
31510
31440
31310
31450
31380
31360
31370
31870
31850
31290
31460
31700
31450
31450
31260
31540
31530
31480
31420
31110
31370
31660
31440
31110
31700
31350
31390
31230
31340
31590
31470
31210
31340
31580
31620
31350
31110
31570
31420
31360
31160
31440
31420
31470
31490
31530
31480
31150
31440
31330
31660
31160
31480
31460
31480
31560
31560
31470
31460
31310
31410
31460
31460
31390
31350
31420
31260
31310
31260
31320
31160
31230
31780
31180
31620
31430
31530
31350
31430
31110
31360
31110
31480
31110
31190
31110
31580
31160
31440
31110
31420
31220
31620
31290
31350
31440
31160
31350
31110
31510
31440
31550
31110
31210
31810
31770
31700
31450
31230
31220
31160
31480
31270
31210
31210
31700
31450
31450
31280
31480
31600
31470
31160
31420
31750
31350
31450
31420
31190
31160
31800
31440
31440
31230
31460
31540
31410
31150
31260
31130
31290
31140
31470
31470
31370
31440
31160
31450
31430
31460
31260
31420
31210
31360
31440
31510
31230
31620
31270
31430
31150
31550
31510
31160
31480
31290
31620
31380
31110
31590
31380
31510
31350
31310
31560
31110
31110
31230
31210
31310
31310
31120
31380
31430
31150
31190
31330
31190
31480
31440
31160
31260
31210
31230
31450
31160
31110
31540
31110
31160
31800
31800
31860
31450
31370
31230
31620
31600
31670
31510
31190
31390
31120
31360
31390
31290
31870
31190
31480
31370
31310
31800
31600
31800
31570
31310
31180
31800
31480
31580
31530
31800
31310
31310
31330
31140
31370
31650
31590
31220
31410
31340
31580
31440
31490
31220
31150
31160
31350
31360
31530
31600
31800
31230
31800
31410
31460
31580
31510
31510
31430
31290
31340
31310
31510
31360
31260
31440
31430
31220
31550
31390
31260
31230
31210
31220
31460
31310
31220
31290
31540
31190
31460
31190
31230
31410
31110
31260
31440
31530
31530
31320
31330
31160
31230
31800
31190
31340
31230
31160
31220
31350
31700
31850
31370
31560
31280
31530
31160
31380
31370
31110
31410
31220
31230
31140
31310
31450
31220
31290
31510
31430
31540
31260
31230
31450
31310
31260
31290
31350
31410
31560
31450
31370
31380
31450
31350
31420
31430
31380
31850
31210
31260
31460
31540
31110
31600
31560
31350
31350
31410
31540
31450
31450
31330
31110
31510
31220
31380
31510
31320
31140
31320
31350
31480
31420
31420
31390
31820
31130
31370
31120
31860
31220
31370
31830
31220
31210
31800
31430
31450
31210
31160
31110
31120
31110
31370
31430
31450
31570
31360
31460
31190
31230
31480
31130
31520
31160
31320
31800
31290
31250
31800
31290
31370
31310
31230
31360
31120
31380
31120
31160
31180
31540
31370
31110
31470
31140
31420
31430
31110
31440
31510
31330
31310
31600
31430
31420
31540
31350
31570
31470
31230
31800
31180
31290
31410
31800
31240
31380
31790
31540
31220
31350
31230
31560
31530
31140
31350
31470
31110
31590
31800
31360
31360
31220
31650
31530
31110
31510
31350
31590
31570
31580
31290
31620
31790
31410
31470
31290
31370
31260
31230
31260
31110
31390
31880
31460
31350
31420
31220
31350
31350
31600
31460
31510
31800
31800
31370
31580
31460
31840
31510
31430
31160
31360
31560
31600
31440
31110
31160
31570
31420
31530
31260
31000
31100
31200
31300
31400
31500
31210
31170
31460
31110
31290
31240
31260
31340
31510
31800
31290
31570
31450
31250
31540
31460
31810
31590
31810
31320
31290
31480
31320
31380
31860
31620
31290
31340
31340
31800
31580
31620
31270
31290
31440
31260
31330
31230
12630
12520
12220
12300
12430
12260
12390
12360
12290
12120
12700
12110
12120
12390
12430
12260
12380
12200
12240
12490
12550
12390
12370
12310
12500
12300
12270
12300
12390
12160
12340
12350
12550
12600
12480
12480
12360
12800
12400
12450
12360
12160
12800
12560
12140
12460
12580
12290
12420
12700
12260
12240
12130
12160
12120
12210
12240
12800
12500
12620
12230
12500
12120
12330
12540
12240
12370
12520
12350
12100
12120
12470
12170
12320
12540
12400
12190
12550
12230
12110
12100
12800
12640
12210
12300
12000
12510
12350
12170
12140
12140
12390
12500
12140
12190
12360
12300
12300
12450
12140
12260
12270
12340
12310
12220
12360
12140
12390
12160
12230
12460
12600
12210
12310
12350
12230
12500
12380
12170
12440
12430
12300
12740
12450
12220
12270
12350
12160
12330
12540
12200
12550
12390
12360
12120
12100
12000
12360
12220
12550
12200
12460
12380
12490
12400
12540
12210
12630
12260
12200
12720
12330
12160
12370
12600
12330
12600
12270
12230
12800
12700
12330
12190
12510
12260
12000
12850
12310
12340
12520
12360
12720
12220
12130
12550
12130
12290
12380
12470
12290
12240
12350
12350
12370
12320
12800
12400
12170
12240
12390
12640
12340
12000
12250
12100
12200
12220
12120
12400
12460
12270
12720
12540
12620
12470
12330
12500
12260
12130
12230
12320
12400
12210
12420
12130
12100
12140
12260
12480
12250
12170
12230
12250
12550
12120
12170
12800
12620
12560
12780
12130
12300
12850
12200
12490
12490
12300
12560
12380
12370
12460
12400
12260
12410
12330
12120
12260
12700
12440
12200
12230
12260
12800
12200
12740
12190
12290
12170
12320
12380
12150
12700
12210
12360
12360
12800
12600
12440
12600
12200
12250
12290
12430
12400
12200
12330
12220
12220
12520
12400
12720
12780
12250
12490
12290
12580
12430
12200
12260
12310
12110
12410
30700
30350
30220
30670
30760
30470
30100
30500
30770
30140
30133
30390
30210
30700
30120
30120
30770
30250
30250
30620
30190
30450
30250
30120
30770
30120
30140
30200
30430
30700
30330
30300
30640
30127
30580
30620
30160
30120
30320
30770
30700
30140
30114
30450
30160
30190
30230
30580
30190
30260
30110
30120
30190
30260
30580
30580
30210
30170
30740
30132
30190
30420
30770
30350
30260
30700
30350
30260
30130
30350
30190
30210
30750
30820
30330
30480
30450
30530
30200
30870
30920
30200
30210
30190
30460
30250
30300
30450
30111
30330
30170
30140
30260
30630
30500
30260
30170
30360
30360
30190
30390
30350
30750
30170
30390
30124
30360
30700
30700
30730
30580
30250
30580
30210
30300
30170
30160
30260
30730
30660
30760
30128
30190
30330
30510
30140
30450
30630
30110
30240
30760
30300
30250
30110
30980
30750
30460
30290
30110
30760
30250
30210
30350
30350
30260
30126
30610
30580
30960
30450
30120
30129
30320
30360
30960
30350
30350
30140
30350
30430
30340
30840
30410
30140
30540
30120
30410
30170
30340
30700
30630
30120
30360
30150
30490
30190
30260
30730
30350
30190
30121
30114
30580
30360
30000
30900
30200
30260
30730
30160
30124
30330
30340
30122
30120
30170
30450
30130
30530
30500
30330
30320
30210
30610
30131
30260
30129
30210
30750
30720
30430
30160
30650
30430
30120
30440
30150
30200
30340
30190
30200
30130
30500
30190
30570
30630
30940
30330
30730
30350
30210
30460
30500
30440
30110
30360
30190
30760
30380
30260
30870
30460
30500
30190
30980
30360
30200
30140
30960
30150
30190
30200
30320
30800
30560
30210
30360
30700
30170
30360
30610
30430
30350
30960
30270
30140
30500
30440
30760
30340
30580
30220
30200
30126
30330
30440
30730
30330
30440
30520
30360
30700
30200
30200
30610
30130
30480
30330
30430
30340
30700
30440
30750
30140
30700
30260
30700
30290
30500
30760
30340
30250
30110
30700
30260
30125
30610
30150
30190
30350
30650
30450
30210
30340
30700
30580
30250
30460
30110
30250
30440
30126
30430
30390
30140
30140
30330
30750
30620
30700
30460
30300
30700
30580
30570
30210
30600
30200
30630
30310
30530
30210
30600
30360
30260
30120
30400
30250
30770
30350
30330
30230
46140
46500
46500
46120
46140
46300
46090
46250
46320
46090
46400
46120
46230
46270
46600
46400
46500
46260
46100
46140
46230
46130
46230
46090
46110
46130
46500
46330
46150
46800
46120
46100
46120
46330
46130
46320
46330
46160
46000
46130
46140
46160
46150
46350
46160
46140
46100
46100
46100
46240
46100
46160
46100
46110
46500
46140
46700
46140
46170
46150
46110
46250
46330
46170
46230
46310
46260
46110
46100
46130
46500
46360
46150
46330
46230
46600
46600
46270
46600
46340
46140
46700
46320
46230
46090
46320
46320
46090
46120
46130
46300
46100
46270
46100
46170
46320
46090
46600
46700
46100
46230
46100
46090
46310
46250
46400
46160
46130
46600
46150
46250
46300
46130
46130
46130
46210
46250
46300
46500
46160
46700
46320
46500
46320
46150
46210
46150
46090
46240
46120
46230
46700
46120
46200
46200
46400
46220
46230
46090
46240
46350
46200
46260
46160
46090
46160
46400
46210
46210
46360
46130
46340
46500
46330
46100
46300
46120
46150
46170
46260
46270
46100
46320
46130
46350
46260
46100
46240
46140
46160
46250
46600
46350
46700
46090
46500
46150
46090
46200
46500
46300
46120
46310
46090
46160
46700
46250
46800
46230
46210
46240
46150
46800
46270
46600
46350
46360
46150
46330
46500
46140
46350
46300
46170
46220
46310
46200
46100
46250
46150
46090
46220
46270
46260
46130
46130
46260
46700
46110
46600
46320
46340
46500
46350
46320
46500
46200
46500
46300
46120
46120
46210
46360
46500
46260
46120
46250
46400
46360
46310
46160
46210
46330
46300
46300
46300
46120
46800
46800
46150
46600
46100
46310
46090
46330
46210
46260
46400
46270
46400
46330
46700
46120
46150
46400
46210
46110
46130
46400
46100
46160
46300
46320
46200
46160
46400
46140
46340
46330
46140
46210
46360
46240
46700
46320
46700
46300
46200
46240
46190
46110
46130
46120
46190
46150
46500
46120
46120
46330
46700
46090
46240
46310
46260
46230
46110
46100
46260
46300
46090
46700
46200
46210
46400
46090
64460
64160
64150
64390
64360
64490
64400
64220
64210
64120
64220
64130
64220
64250
64470
64430
64470
64120
64120
64420
64390
64510
64600
64190
64220
64160
64350
64570
64270
64190
64190
64120
64210
64120
64230
64200
64400
64570
64320
64300
64450
64410
64120
64640
64220
64370
64120
64130
64120
64350
64420
64800
64350
64370
64800
64420
64230
64170
64260
64410
64660
64310
64220
64510
64800
64260
64450
64390
64290
64230
64330
64190
64450
64450
64350
64230
64130
64270
64390
64330
64490
64240
64300
64300
64460
64330
64510
64430
64130
64520
64160
64390
64530
64350
64190
64200
64800
64100
64460
64490
64120
64120
64220
64270
64800
64440
64460
64300
64270
64160
64130
64260
64150
64350
64800
64120
64230
64200
64520
64780
64210
64400
64260
64260
64140
64700
64300
64320
64510
64240
64300
64490
64800
64510
64290
64340
64330
64230
64410
64370
64800
64450
64240
64800
64190
64120
64390
64160
64330
64220
64220
64680
64260
64410
64330
64250
64520
64470
64360
64220
64160
64270
64270
64170
64370
64460
64460
64260
64190
64300
64190
64300
64330
64370
64350
64230
64170
64490
64190
64130
64130
64500
64330
64800
64330
64350
64160
64410
64350
64360
64230
64330
64370
64190
64120
64450
64440
64270
64490
64870
64160
64870
64350
64420
64160
64250
64130
64390
64420
64400
64220
64290
64400
64120
64470
64490
64400
64570
64410
64160
64120
64220
64290
64130
64450
64330
64410
64120
64350
64110
64530
64160
64260
64400
64190
64370
64400
64400
64420
64130
64210
64520
64390
64400
64190
64370
64480
64240
64800
64470
64640
64700
64680
64160
64270
64130
64120
64420
64120
64130
64320
64800
64640
64120
64780
64220
64220
64570
64240
64250
64260
64190
64480
64220
64110
64120
64300
64390
64170
64240
64170
64270
64530
64460
64120
64300
64300
64220
64470
64360
64170
64150
64800
64470
64990
64270
64150
64350
64450
64460
64570
64350
64300
64640
64120
64110
64560
64480
64410
64120
64440
64450
64220
64350
64290
64290
64190
64220
64400
64320
64490
64350
64450
64270
64230
64490
64350
64160
64800
64470
64130
64560
64420
64530
64120
64160
64410
64140
64300
64250
64570
64420
64260
64440
64410
64350
64350
64420
64360
64660
64160
64120
64260
64240
64410
64330
64300
64120
64350
64160
64130
64460
64110
64230
64120
64510
64240
64130
64220
64410
64190
64370
64410
64450
64800
64230
64350
64160
64350
64130
64330
64360
64350
64460
64300
64410
64460
64121
64800
64330
64190
64470
64160
64370
64990
64330
64400
64150
64130
64190
64510
64190
64450
64190
64800
64150
64420
64190
64680
64400
64390
64130
64120
64400
64390
64390
64120
64300
64150
64470
64490
64190
64390
64780
64120
64160
64320
64300
64120
64360
64150
64800
64000
64350
64410
64230
64400
64370
64460
64460
64530
64460
64330
64410
64410
64190
64190
64400
64270
64270
64260
64330
64160
64190
64110
64130
64800
64160
64300
64160
64260
64270
64560
64640
64430
64110
64300
64390
64400
64160
64500
64220
64220
64330
64120
64160
64640
64780
64370
64220
64120
64270
64310
64990
64800
64270
64300
64300
64520
64350
64310
64300
64490
64420
64400
64470
64300
64230
64150
64390
64410
64160
64160
64350
64320
64121
64160
64170
64260
64160
64350
64230
64420
64250
64780
64190
64190
64190
64330
64470
64330
64360
64450
64470
64220
64120
64990
64370
64490
64430
64160
64122
64700
64240
64480
64370
64230
64110
64400
64330
64170
64190
64150
64410
64990
64130
64450
70300
70500
70180
70200
70110
70320
70300
70800
70500
70210
70280
70160
70210
70200
70170
70310
70210
70100
70000
70000
70200
70700
70800
70100
70120
70100
70600
70360
70200
70100
70110
70100
70500
70190
70180
70190
70700
70110
70100
70110
70100
70000
70150
70200
70000
70140
70500
70190
70210
70800
70130
70100
70300
70160
70150
70100
70190
70150
70290
70270
70270
70400
70230
70500
70300
70210
70500
70310
70110
70500
70150
70700
70110
70500
70170
70100
70200
70230
70800
70190
70190
70500
70800
70190
70120
70000
70500
70140
70300
70280
70160
70400
70800
70300
70180
70100
70140
70150
70280
70700
70360
70500
70190
70190
70240
70500
70230
70500
70000
70400
70400
70190
70150
70290
70400
70600
70100
70100
70140
70360
70300
70700
70700
70100
70170
70000
70120
70000
70230
70360
70240
70240
70140
70500
70500
70190
70170
70400
70360
70400
70150
70140
70700
70120
70190
70300
70700
70200
70000
70230
70400
70000
70000
70240
70120
70000
70170
70800
70120
70160
70320
70300
70190
70120
70310
70500
70200
70000
70110
70150
70400
70600
70400
70100
70240
70400
70240
70190
70160
70700
70150
70800
70200
70800
70230
70180
70000
70210
70180
70210
70000
70180
70400
70400
70000
70000
70270
70600
70300
70160
70400
70300
70310
70100
70110
70100
70400
70700
70150
70100
70110
70310
70160
70200
70120
70130
70360
70310
70230
70000
70160
70120
70800
70190
70800
70210
70230
70160
70220
70300
70600
70400
70800
70200
70180
70600
70700
70200
70130
70270
70130
70300
70200
70200
70000
70240
70240
70110
70100
70500
70700
70210
70110
70120
70110
70120
70190
70400
70400
70170
70100
70100
70700
70440
70800
70400
70150
70210
70190
70700
70800
70500
70500
70500
70200
70270
70230
70600
70120
70120
70190
70140
70240
70200
70100
70200
70110
70310
70230
70200
70300
70400
70200
70300
70800
70000
70110
70200
70200
70500
70200
70240
70210
70000
70190
70190
70140
70200
70120
70400
70100
70110
70150
70230
70110
70120
70210
70270
70180
70160
70130
70160
70300
70400
70200
70110
70120
70240
70310
70140
70190
70700
70230
70000
70500
70210
70270
70500
70000
70110
70700
70000
70180
70120
70100
70500
70120
70140
70100
70000
70160
70000
70190
70130
70200
70360
70130
70000
70100
70000
70120
70700
70100
70110
70110
70230
70300
70500
70500
70360
70600
70200
70210
70190
70600
70190
70140
70600
70150
70800
70800
70290
70290
70210
70240
70360
70130
70210
70110
70170
70100
70120
70310
70170
70160
70000
70000
70120
70190
70200
70000
70280
70500
70500
70130
70000
70130
70190
70120
70140
70140
70200
70100
70190
70180
70230
70120
70250
70000
70310
70500
70200
70190
70360
70270
70280
70100
70110
70130
70200
70100
70800
70500
70310
70300
70700
70160
70300
70110
70210
70400
70240
70100
70140
70130
70360
70170
70400
70210
70120
70110
70160
70440
70240
70130
70130
70190
70150
70500
70270
70120
70230
70230
70120
70190
70360
70100
70400
70190
70150
70140
70180
70320
70000
70140
70200
70000
70000
70160
70190
70130
70700
70240
70600
70170
70120
70210
70700
70100
70100
70110
70700
70000
70700
70240
70000
70000
70240
70700
70130
70700
70300
70100
70200
70500
70180
70400
70500
70130
70000
70110
70110
70500
70160
70700
70240
70000
70190
70110
70110
70000
70300
70190
70170
70400
70120
70240
70300
70500
70310
70180
70190
70500
70200
70150
70400
70130
70200
70120
70230
82290
82350
82210
82120
82600
82500
82220
82340
82120
82340
82290
82100
82500
82600
82500
82150
82170
82800
82200
82600
82110
82190
82700
82190
82710
82800
82370
82170
82160
82100
82210
82400
82100
82120
82210
82500
82300
82160
82440
82240
82140
82110
82600
82370
82700
82210
82500
82170
82340
82340
82390
82700
82500
82400
82500
82160
82170
82210
82500
82190
82140
82700
82100
82500
82400
82230
82120
82500
82330
82500
82500
82400
82400
82120
82170
82130
82220
82240
82370
82100
82100
82160
82120
82190
82290
82100
82130
82250
82360
82130
82500
82240
82500
82110
82240
82290
82120
82230
82200
82160
82200
82120
82500
82120
82600
82500
82120
82290
82210
82440
82190
82200
82220
82170
82230
82110
82150
82100
82270
82130
82000
82110
82700
82290
82700
82300
82200
82270
82120
82400
82270
82800
82160
82800
82370
82370
82160
82400
82340
82130
82400
82170
82120
82220
82800
82120
82160
82240
82440
82370
82150
82100
82150
82110
82140
82210
82150
82340
82300
82400
82410
82240
82120
82110
82340
82340
82370
82190
82210
82400
82700
82160
82600
82300
82400
82230
82110
82600
82240
82500
82340
82190
82110
82800
82150
82400
82330
82370
82220
82600
82330
82230
82500
82370
82130
90400
90150
90170
90800
90200
90200
90800
90800
90500
90000
90400
90160
90150
90100
90400
90110
90140
90140
90130
90800
90140
90700
90330
90100
90100
90340
90100
90100
90300
90100
90150
90400
90100
90160
90400
90150
90300
90850
90170
90350
90100
90110
90100
90100
90150
90340
90150
90150
90140
90200
90600
90200
90100
90100
90300
90360
90150
90150
90170
90150
90100
90100
90200
90110
90150
90400
90120
90500
90130
90120
90340
90300
90160
90130
90360
90170
90150
90370
90140
90140
90150
90200
90110
90380
90200
90110
90100
90110
90300
90400
90100
90100
90400
90800
90300
90150
90100
90200
90300
90400
90100
34290
34230
34300
34210
34190
34210
34210
34600
34290
34150
34150
34380
34800
34820
34360
34230
34530
34480
34260
34210
34360
34670
34540
34540
34290
34210
34160
34600
34230
34360
34550
34500
34160
34220
34150
34700
34760
34260
34140
34650
34800
34190
34160
34480
34800
34330
34230
34160
34260
34130
34800
34310
34600
34210
34610
34120
34170
34160
34210
34380
34490
34600
34720
34520
34460
34270
34190
34120
34370
34360
34260
34700
34420
34460
34210
34800
34830
34270
34800
34390
34440
34980
34240
34490
34290
34220
34660
34660
34370
34920
34520
34310
34650
34290
34690
34600
34210
34210
34190
34360
34510
34270
34320
34320
34480
34700
34330
34110
34320
34160
34190
34160
34770
34150
34190
34790
34260
34820
34600
34830
34650
34725
34990
34800
34150
34240
34130
34190
34970
34480
34270
34700
34700
34880
34710
34120
34800
34800
34290
34490
34210
34700
34140
34650
34400
34400
34480
34370
34320
34340
34590
34380
34270
34130
34370
34800
34140
34210
34110
34390
34310
34530
34570
34160
34560
34290
34310
34320
34980
34310
34190
34000
34070
34080
34090
34150
34190
34800
34130
34980
34490
34570
34800
34320
34120
34440
34320
34380
34800
34390
34700
34210
34210
34490
34250
34360
34230
34380
34700
34800
34470
34120
34600
34360
34570
34850
34230
34700
34310
34810
34230
34420
34230
34600
34700
34560
34480
34230
34600
34730
34360
34390
34700
34150
34230
34480
34480
34620
34310
34160
34220
34220
34520
34650
34460
34650
34320
34610
34380
34320
34190
34725
34130
34230
34160
34190
34670
34360
34400
34980
34270
34160
34390
34700
34260
34520
34725
34980
34160
34610
34480
34680
34610
34150
34725
34160
34380
34160
34270
34150
34700
34360
34430
34390
34400
34390
34380
34270
34190
34520
34520
34490
34400
34230
34570
34520
34220
34230
34700
34725
34400
34630
34730
34390
34800
34330
34400
34570
34160
34270
34410
34410
34290
34200
34210
34520
34700
34330
34700
34160
34600
34820
34490
34120
34260
34230
34270
34230
34700
34520
34270
34320
34570
34130
34270
34800
34350
34290
34220
34740
34230
34350
34220
34450
34110
34390
34600
34420
34500
34750
34800
34360
34400
34560
34380
34380
34280
53940
53240
53300
53240
53210
53440
53170
53600
53230
53400
53700
53240
53160
53340
53350
53340
53440
53170
53470
53170
53320
53290
53440
53290
53170
53240
53800
53960
53800
53290
53290
53370
53410
53410
53350
53120
53150
53410
53170
53120
53420
53470
53640
53370
53160
53810
53300
53950
53440
53230
53150
53250
53200
53200
53100
53200
53340
53400
53250
53120
53470
53800
53100
53230
53340
53230
53200
53300
53250
53230
53700
53400
53700
53380
53170
53540
53200
53400
53190
53190
53260
53500
53150
53600
53350
53260
53190
53200
53540
53940
53200
53150
53370
53120
53410
53440
53290
53300
53250
53160
53640
53120
53640
53360
53110
53970
53160
53250
53160
53380
53200
53190
53220
53110
53540
53410
53000
53120
53120
53140
53150
53400
53200
53360
53320
53700
53950
53210
53250
53170
53440
53200
53470
53100
53400
53200
53230
53170
53600
53220
53500
53240
53970
53320
53640
53150
53100
53150
53250
53400
53970
53410
53300
53360
53140
53100
53260
53300
53220
53360
53240
53400
53220
53410
53340
53140
53360
53370
53800
53110
53640
53350
53390
53170
53470
53250
53390
53700
53120
53100
53940
53220
53290
53140
53170
53140
53320
53290
53500
53170
53220
53390
53300
53600
53100
53480
53600
53240
53700
53240
53240
53380
53270
53240
53110
53480
53290
53300
53110
53700
53300
53220
53800
53350
53410
53500
53370
53410
53270
53160
53540
53400
53800
53270
53160
53340
53800
53390
53360
53300
53210
53110
53270
53270
53160
53480
53500
53120
53700
53250
53170
53600
66480
66200
66110
66210
66760
66220
66320
66700
66150
66360
66670
66540
66320
66390
66300
66650
66420
66110
66720
66210
66430
66130
66130
66160
66760
66620
66210
66330
66300
66600
66400
66300
66500
66730
66360
66140
66680
66720
66130
66600
66720
66820
66300
66500
66220
66360
66290
66400
66530
66500
66500
66190
66500
66130
66130
66820
66550
66200
66150
66260
66760
66480
66120
66200
66760
66800
66360
66600
66320
66310
66800
66320
66500
66800
66730
66220
66820
66320
66360
66210
66210
66220
66300
66820
66320
66130
66320
66360
66230
66720
66740
66200
66760
66720
66220
66210
66300
66800
66300
66360
66320
66500
66210
66480
66460
66170
66500
66130
66300
66110
66200
66740
66150
66210
66720
66500
66340
66170
66500
66360
66120
66360
66400
66600
66360
66560
66340
66340
66690
66300
66000
66100
66480
66600
66730
66370
66380
66210
66720
66450
66300
66760
66760
66660
66500
66230
66730
66220
66130
66210
66360
66730
66360
66720
66210
66400
66500
66320
66600
66320
66360
66800
66690
66220
66300
66750
66240
66170
66170
66740
66510
66300
66490
66260
66250
66800
66470
66110
66220
66130
66570
66220
66210
66280
66600
66360
66210
66360
66230
66270
66690
66360
66730
66400
66320
66120
66110
66500
66720
66230
66300
66200
66360
66300
66300
66440
66350
66300
66130
66220
66300
66760
66500
66340
66320
66820
66500
66410
66740
66300
66180
66610
66320
66600
66220
66490
66730
87700
87240
87160
87120
87220
87360
87290
87210
87120
87300
87300
87370
87250
87700
87340
87300
87300
87220
87270
87110
87300
87140
87460
87800
87230
87320
87330
87230
87200
87500
87230
87140
87150
87400
87230
87440
87270
87380
87130
87290
87400
87460
87600
87520
87310
87140
87920
87500
87270
87130
87210
87160
87150
87210
87190
87120
87210
87230
87190
87400
87220
87120
87220
87230
87250
87250
87330
87400
87500
87380
87310
87160
87170
87370
87800
87520
87340
87890
87800
87500
87370
87230
87000
87100
87280
87130
87360
87380
87190
87160
87440
87440
87130
87800
87380
87800
87330
87400
87330
87330
87140
87120
87130
87800
87510
87330
87210
87520
87150
87230
87410
87350
87440
87300
87470
87510
87260
87380
87290
87640
87120
87800
87570
87600
87800
87140
87250
87400
87130
87720
87120
87290
87120
87310
87150
87260
87300
87200
87310
87400
87510
87260
87160
87380
87130
87260
87190
87800
87260
87510
87460
87200
87300
87590
87240
87310
87340
87190
87400
87420
87330
87200
87360
87700
87400
87440
87800
87130
87300
87260
87800
87700
87480
87210
87290
87370
87160
87240
87420
87380
87500
87700
87440
87400
87620
87110
87130
87130
87360
87140
87140
87600
87360
87430
87520
87260
87600
87110
87190
11800
11320
11300
11240
11290
11360
11330
11580
11170
11190
11600
11120
11200
11110
11190
11220
11140
11290
11140
11330
11140
11700
11800
11100
11600
11410
11800
11340
11580
11410
11140
11240
11420
11240
11500
11340
11000
11140
11300
11200
11120
11700
11800
11330
11300
11300
11140
11200
11150
11270
11390
11300
11400
11190
11160
11420
11240
11240
11140
11240
11140
11260
11200
11190
11340
11200
11700
11000
11170
11360
11270
11190
11320
11160
11400
11700
11300
11390
11230
11160
11250
11220
11170
11570
11510
11270
11570
11170
11300
11230
11160
11140
11250
11700
11340
11200
11600
11230
11500
11250
11190
11140
11300
11110
11230
11240
11190
11220
11200
11190
11350
11410
11390
11590
11330
11330
11300
11300
11240
11700
11350
11360
11360
11200
11140
11240
11260
11340
11260
11200
11220
11410
11140
11270
11330
11400
11240
11200
11240
11300
11510
11510
11560
11800
11140
11700
11400
11390
11800
11360
11270
11600
11190
11600
11360
11300
11270
11140
11250
11270
11140
11120
11500
11410
11240
11500
11250
11430
11200
11240
11380
11400
11220
11140
11320
11220
11380
11400
11310
11250
11420
11220
11330
11330
11480
11390
11700
11330
11400
11270
11600
11400
11270
11300
11800
11290
11160
11250
11370
11200
11240
11600
11300
11300
11410
11190
11200
11300
11120
11330
11300
11600
11300
11120
11410
11140
11800
11390
11380
11570
11330
11400
11420
11220
11240
11140
11140
11410
11380
11120
11400
11580
11420
11410
11410
11190
11700
11250
11320
11140
11330
11240
11240
11800
11230
11330
11220
11320
11170
11290
11100
11200
11800
11120
11170
11330
11700
11100
11500
11200
11140
11210
11200
11270
11590
11350
11330
11570
11200
11300
11410
11350
11420
11420
11610
11700
11150
11230
11420
11400
11440
11160
11190
11170
11300
11420
11270
11400
11250
11300
11490
11120
11380
11250
11400
11700
11140
11230
11500
11360
11500
11200
11170
11190
11190
11220
11270
11400
11220
11160
11230
11140
11700
11380
11340
11140
11540
11190
11300
11200
11250
11350
11290
11240
11800
11270
11200
11230
11410
11140
11230
11700
11300
11310
11170
11500
11800
11270
11250
11360
11260
11500
11270
11500
11220
11500
11120
11220
11300
11400
11170
11500
11410
11120
11400
11320
11220
11300
11420
11120
11310
11600
11590
11110
11410
11600
11140
11330
11240
11190
11190
11220
11130
11230
11190
11400
11400
11330
11320
11220
11220
11330
11580
11200
11380
11220
11200
11300
11160
11160
11800
11510
11400
11230
11350
11580
11610
11120
11580
11400
11250
11330
11600
11600
11580
11600
11220
11250
11600
11300
11150
11420
11250
11200
11800
11570
11230
11600
11600
11300
11310
11620
11400
11360
11290
11160
11150
11330
11360
11170
11150
11170
11220
11110
39500
39600
39800
39110
39110
39270
39700
39110
39320
39120
39600
39290
39300
39240
39140
39210
39240
39600
39250
39270
39570
39120
39700
39190
39380
39270
39800
39410
39100
39700
39200
39120
39160
39380
39130
39700
39800
39210
39570
39100
39190
39270
39310
39400
39380
39800
39800
39290
39150
39250
39800
39250
39140
39210
39130
39220
39230
39130
39240
39130
39800
39570
39370
39300
39110
39800
39290
39700
39120
39100
39570
39320
39800
39250
39110
39250
39240
39570
39120
39150
39270
39380
39800
39600
39290
39300
39500
39230
39100
01590
39110
39140
39300
39260
39130
39250
39130
39230
39240
39230
39210
39600
39380
39130
39230
39300
39700
39130
39230
39150
39800
39120
39150
39150
39200
39150
39230
39110
39270
39230
39240
39120
39120
39230
39290
39190
39130
39570
39570
39110
39380
39100
39370
39300
39130
39110
39130
39200
39800
39140
39570
39240
39570
39300
39240
39140
39570
39570
39570
39570
39700
39190
39200
39260
39600
39210
39570
39300
39260
39270
39100
39300
39260
39190
39250
39290
39500
39350
39700
39230
39130
39120
39140
39230
39190
39100
39210
39230
39270
39130
39110
39250
39240
39700
39600
39270
39150
39160
39320
39300
39120
39250
39130
39570
39700
39700
39700
39250
39800
39600
39800
39520
39460
39140
39130
39150
39100
39230
39700
39230
39250
39290
39130
39130
39570
39210
39120
39350
39240
39110
39380
39570
39570
39100
39320
39250
39190
39150
39600
39320
39290
39800
39130
39120
39110
39110
39360
39100
39150
39210
39320
01410
39310
39310
39300
39130
39140
39360
39300
39250
01590
39700
39700
39170
39210
39260
39240
39110
39300
39170
39320
39230
39400
39250
39120
39000
39300
39350
39210
39380
39570
39260
39700
39230
39240
39130
39270
39110
39210
39260
39600
39190
39210
39130
39290
39270
39600
39130
39570
39260
39250
39800
39250
39260
39570
39290
39800
39600
39500
39360
39230
39320
39300
39100
39160
39570
39210
39380
39260
39700
39320
39800
39600
39300
39110
39290
39290
39570
39320
39300
39380
39300
39400
39400
39330
39250
39310
39270
39300
39290
39160
39140
39270
39300
39120
39800
39380
39210
39300
39570
39250
39290
39250
39270
39700
39270
39350
39380
39700
39800
39350
39330
39570
39100
39300
39230
39130
39290
39570
39120
39370
39120
39800
39300
39270
39210
39210
39270
39150
39600
39210
39800
39250
39250
39120
39700
39570
39290
39800
39130
39110
39300
39330
39600
39220
39400
39270
39110
39570
39600
39570
39120
39290
39700
39700
39170
39230
39270
39140
39140
39570
39200
39250
39700
39360
39350
39700
39190
39190
39270
39350
39220
39400
39140
39230
39130
39190
39160
39410
39120
39200
39600
39570
39300
39320
39230
39150
39230
39120
39170
39570
39130
39150
39110
39110
39700
39350
39110
39100
39380
39300
39270
39130
39120
39230
39310
39230
39120
39700
39700
39300
39130
39130
39380
39300
39300
39120
39500
39350
39290
39110
39240
39130
39160
39230
39270
39800
39190
39570
39130
39600
39300
39300
39300
39380
39360
39800
39570
39160
39570
39210
39300
39230
39130
39240
39570
39380
39200
39260
39600
39570
39800
39600
39120
39800
39120
39600
39100
39140
39230
39190
39230
39360
39350
39210
39240
39700
39360
39110
86430
86110
86700
86260
86330
86310
86100
86200
86210
86340
86430
86250
86330
86530
86460
86170
86190
86200
86130
86490
86210
86120
86420
86190
86310
86120
86580
86800
86400
86300
86210
86410
86390
86120
86290
86160
86510
86310
86180
37160
86200
86600
86530
86140
86380
86200
86190
86510
86160
86170
86400
86250
86210
86300
86250
86360
86250
86350
86370
86100
86510
86330
86300
86450
86170
86190
86110
86170
86320
86400
86200
86600
86490
86700
86600
86290
86110
86270
86110
86240
86110
86120
86600
86220
86420
86410
86130
86140
86160
86300
86340
86240
86190
86160
86250
86340
86200
86320
86110
86330
86420
86310
86220
86150
86240
86800
86130
86380
86600
86500
86290
86350
86390
86190
86300
86470
86800
86450
86300
86230
86140
86270
86220
86410
86290
86240
86400
86800
86400
86200
86430
86600
86320
86160
86190
86270
86170
86370
86370
86160
86330
86170
86200
86460
86320
86110
86200
86550
86440
86150
86110
86330
86230
86360
86210
86500
86420
86120
86500
86150
86430
86200
86530
86310
86150
86170
86340
86340
86200
86230
86220
86380
86220
86300
86350
86320
86500
86500
86450
86000
86220
86120
86200
86800
86460
86420
86260
86150
86190
86200
86120
86270
86340
86120
86700
86480
86280
86230
86330
86400
86140
86130
86310
86230
86330
86800
86200
86410
86120
86290
86400
86300
86350
86160
86260
86400
86300
86220
86250
86600
86100
86310
86400
86350
86420
86120
86200
86600
86500
86400
86800
86140
86140
86230
86800
86320
86240
86160
86230
86250
86800
86120
86290
86110
86540
86290
86120
86230
86350
86220
86230
86110
86170
86380
86340
86410
86420
86120
86260
86150
86340
86310
86190
86370
86190
86400
86700
86580
86210
86170
86170
